[
  {
    "id": "Root",
    "parentId": "",
    "transform": [1, 0, 0, 0, 0, 0, -1, 0.7844767, 0, 1, 0, 0, 0, 0, 0, 1],
    "parent": -1,
    "invBindMat": [1, 0, 0, 0, 0, 0, 1, 0, 0, -1, 0, 0.7844767, 0, 0, 0, 1]
  },
  {
    "id": "Spine1",
    "parentId": "Root",
    "transform": [1, 0, 0, 0, 0, 1, 0, 0, 0, 0, 1, -0.1626512, 0, 0, 0, 1],
    "parent": 0,
    "invBindMat": [1, 0, 0, 0, 0, 0, 1, 0, 0, -1, 0, 0.9471279, 0, 0, 0, 1]
  },
  {
    "id": "Spine2",
    "parentId": "Spine1",
    "transform": [1, 0, 0, 0, 0, 1, 0, 0, 0, 0, 1, -0.1530472, 0, 0, 0, 1],
    "parent": 1,
    "invBindMat": [1, 0, 0, 0, 0, 0, 1, 0, 0, -1, 0, 1.100175, 0, 0, 0, 1]
  },
  {
    "id": "Neck",
    "parentId": "Spine2",
    "transform": [1, 0, 0, 0, 0, 1, 0, 0, 0, 0, 1, -0.2607343, 0, 0, 0, 1],
    "parent": 2,
    "invBindMat": [1, 0, 0, 0, 0, 0, 1, 0, 0, -1, 0, 1.360909, 0, 0, 0, 1]
  },
  {
    "id": "Head",
    "parentId": "Neck",
    "transform": [1, 0, 0, 0, 0, 1, 0, 0, 0, 0, 1, -0.03251123, 0, 0, 0, 1],
    "parent": 3,
    "invBindMat": [1, 0, 0, 0, 0, 0, 1, 0, 0, -1, 0, 1.393421, 0, 0, 0, 1]
  },
  {
    "id": "Shoulder_L",
    "parentId": "Spine2",
    "transform": [
      -0.4268419, -5.67791e-8, -0.9043262, 0, -2.54525e-7, 1, 5.735e-8, 0,
      0.9043262, 2.54653e-7, -0.426842, -0.2607343, 0, 0, 0, 1
    ],
    "parent": 2,
    "invBindMat": [
      -0.426842, -0.9043263, -2.54526e-7, 1.230706, 0, -2.54653e-7, 1,
      3.4656e-7, -0.9043263, 0.4268419, 0, -0.5808932, 0, 0, 0, 1
    ]
  },
  {
    "id": "UpperArm_L",
    "parentId": "Shoulder_L",
    "transform": [
      0.9255107, -0.007960287, 0.378638, 0, -4.23751e-8, 0.9997791, 0.02101894,
      -7.10543e-15, -0.3787217, -0.01945327, 0.9253061, -0.2127827, 0, 0, 0, 1
    ],
    "parent": 5,
    "invBindMat": [
      -0.05255883, -0.998618, -3.01399e-7, 1.278443, 0.02098983, -0.00110501,
      0.9997792, -0.002635478, -0.9983975, 0.05254715, 0.02101886, 0.1253772, 0,
      0, 0, 1
    ]
  },
  {
    "id": "LowerArm_L",
    "parentId": "UpperArm_L",
    "transform": [
      0.9988729, 0.001016658, 0.04745251, 1.3411e-7, 0.000997795, 0.9990999,
      -0.04240901, 0, -0.0474529, 0.04240856, 0.9979728, -0.3076034, 0, 0, 0, 1
    ],
    "parent": 6,
    "invBindMat": [
      -0.005101799, -0.9999871, -1.33608e-7, 1.256454, -0.0214231, 0.000109165,
      0.9997706, 0.01702868, -0.9997577, 0.005100548, -0.02142333, 0.4928801, 0,
      0, 0, 1
    ]
  },
  {
    "id": "Hand_L",
    "parentId": "LowerArm_L",
    "transform": [
      0.9999976, 5.64197e-7, 0.002191507, -5.54137e-8, -0.0000475135, 0.9997706,
      0.02142332, 1.86265e-9, -0.002190992, -0.02142337, 0.9997681, -0.3017957,
      0, 0, 0, 1
    ],
    "parent": 7,
    "invBindMat": [
      -0.002910256, -0.9999959, -6.97799e-7, 1.254708, 0, -6.96321e-7, 1,
      8.89516e-7, -0.999996, 0.002910256, 0, 0.7976098, 0, 0, 0, 1
    ]
  },
  {
    "id": "Shoulder_R",
    "parentId": "Spine2",
    "transform": [
      -0.4268419, 5.67791e-8, 0.9043262, 0, 2.54525e-7, 1, 5.735e-8, 0,
      -0.9043262, 2.54653e-7, -0.426842, -0.2607343, 0, 0, 0, 1
    ],
    "parent": 2,
    "invBindMat": [
      -0.426842, 0.9043263, 2.54526e-7, -1.230706, 0, -2.54653e-7, 1, 3.4656e-7,
      0.9043263, 0.4268419, 0, -0.5808932, 0, 0, 0, 1
    ]
  },
  {
    "id": "UpperArm_R",
    "parentId": "Shoulder_R",
    "transform": [
      0.9255107, 0.007960287, -0.378638, 0, 4.23751e-8, 0.9997791, 0.02101894,
      -7.10543e-15, 0.3787217, -0.01945327, 0.9253061, -0.2127827, 0, 0, 0, 1
    ],
    "parent": 9,
    "invBindMat": [
      -0.05255883, 0.998618, 3.01399e-7, -1.278443, -0.02098983, -0.00110501,
      0.9997792, -0.002635478, 0.9983975, 0.05254715, 0.02101886, 0.1253772, 0,
      0, 0, 1
    ]
  },
  {
    "id": "LowerArm_R",
    "parentId": "UpperArm_R",
    "transform": [
      0.9988729, -0.001016658, -0.04745251, -1.3411e-7, -0.000997795, 0.9990999,
      -0.04240901, 0, 0.0474529, 0.04240856, 0.9979728, -0.3076034, 0, 0, 0, 1
    ],
    "parent": 10,
    "invBindMat": [
      -0.005101799, 0.9999871, 1.33608e-7, -1.256454, 0.0214231, 0.000109165,
      0.9997706, 0.01702868, 0.9997577, 0.005100548, -0.02142333, 0.4928801, 0,
      0, 0, 1
    ]
  },
  {
    "id": "Hand_R",
    "parentId": "LowerArm_R",
    "transform": [
      0.9999976, -8.75873e-8, -0.002191507, 5.54137e-8, 0.000047037, 0.9997706,
      0.02142332, 1.86265e-9, 0.002191002, -0.02142337, 0.9997681, -0.3017957,
      0, 0, 0, 1
    ],
    "parent": 11,
    "invBindMat": [
      -0.002910256, 0.9999959, 2.21194e-7, -1.254708, 0, -2.19718e-7, 1,
      2.91516e-7, 0.999996, 0.002910256, 0, 0.7976098, 0, 0, 0, 1
    ]
  },
  {
    "id": "UpperLeg_L",
    "parentId": "Root",
    "transform": [
      -0.9998716, -0.000706077, -0.01601444, 0.09390342, 5.96046e-7, 0.9990308,
      -0.04403961, -0.0130849, 0.01602995, -0.04403407, -0.9989011,
      -0.009236395, 0, 0, 0, 1
    ],
    "parent": 0,
    "invBindMat": [
      -0.9998714, -0.01602995, -1.19675e-7, 0.1066145, -0.000705357, 0.04403388,
      0.9990288, -0.02181184, -0.01601439, 0.9989017, -0.04403966, -0.7919138,
      0, 0, 0, 1
    ]
  },
  {
    "id": "LowerLeg_L",
    "parentId": "UpperLeg_L",
    "transform": [
      0.9998716, 0.000205461, -0.01602868, -7.45058e-9, 0.000705989, 0.9983832,
      0.05683732, 1.62981e-9, 0.01601445, -0.05684133, 0.998255, -0.3845027, 0,
      0, 0, 1
    ],
    "parent": 13,
    "invBindMat": [
      -0.9999999, 0, 0, 0.100061, 6.30242e-7, -0.0128194, 0.9999169,
      0.001403033, 0, 0.9999181, 0.01281923, -0.4096487, 0, 0, 0, 1
    ]
  },
  {
    "id": "Foot_L",
    "parentId": "LowerLeg_L",
    "transform": [
      1, -4.07766e-7, 8.57008e-8, 7.45058e-9, 1.57494e-7, 0.1794781, -0.983762,
      -3.49246e-10, 3.85764e-7, 0.983762, 0.1794783, -0.3602493, 0, 0, 0, 1
    ],
    "parent": 14,
    "invBindMat": [
      -0.9999999, 3.82166e-7, 0, 0.1000609, 5.67331e-7, 0.9813805, 0.1920744,
      -0.04834538, -6.97235e-7, 0.1920747, -0.9813793, -0.01024633, 0, 0, 0, 1
    ]
  },
  {
    "id": "UpperLeg_R",
    "parentId": "Root",
    "transform": [
      -0.9998716, 0.000706077, 0.01601444, -0.09390342, -5.96046e-7, 0.9990308,
      -0.04403961, -0.0130849, -0.01602995, -0.04403407, -0.9989011,
      -0.009236395, 0, 0, 0, 1
    ],
    "parent": 0,
    "invBindMat": [
      -0.9998714, 0.01602995, 1.19675e-7, -0.1066145, 0.000705357, 0.04403388,
      0.9990288, -0.02181184, 0.01601439, 0.9989017, -0.04403966, -0.7919138, 0,
      0, 0, 1
    ]
  },
  {
    "id": "LowerLeg_R",
    "parentId": "UpperLeg_R",
    "transform": [
      0.9998716, -0.000205461, 0.01602868, 7.45058e-9, -0.000705989, 0.9983832,
      0.05683732, 1.62981e-9, -0.01601445, -0.05684133, 0.998255, -0.3845027, 0,
      0, 0, 1
    ],
    "parent": 16,
    "invBindMat": [
      -0.9999999, 0, 0, -0.100061, -6.30242e-7, -0.0128194, 0.9999169,
      0.001403033, 0, 0.9999181, 0.01281923, -0.4096487, 0, 0, 0, 1
    ]
  },
  {
    "id": "Foot_R",
    "parentId": "LowerLeg_R",
    "transform": [
      1, 4.07766e-7, -8.57008e-8, -7.45058e-9, -1.57494e-7, 0.1794781,
      -0.983762, -3.49246e-10, -3.85764e-7, 0.983762, 0.1794783, -0.3602493, 0,
      0, 0, 1
    ],
    "parent": 17,
    "invBindMat": [
      -0.9999999, -3.82166e-7, 0, -0.1000609, -5.67331e-7, 0.9813805, 0.1920744,
      -0.04834538, 6.97235e-7, 0.1920747, -0.9813793, -0.01024633, 0, 0, 0, 1
    ]
  }
]
